2.088981246948242188e+01
1.329533290863037109e+01
1.269950294494628906e+01
1.178544712066650391e+01
1.047853279113769531e+01
9.376828193664550781e+00
8.518353462219238281e+00
7.981141090393066406e+00
7.705494403839111328e+00
7.319049358367919922e+00
6.985598087310791016e+00
6.903422832489013672e+00
6.643777370452880859e+00
6.568724155426025391e+00
6.458632469177246094e+00
6.416370868682861328e+00
6.262863159179687500e+00
6.375676631927490234e+00
6.329234123229980469e+00
6.221244335174560547e+00
6.183668136596679688e+00
6.148796081542968750e+00
6.294940948486328125e+00
6.100015640258789062e+00
6.060671329498291016e+00
5.961466312408447266e+00
5.876445770263671875e+00
5.862571716308593750e+00
5.850780010223388672e+00
5.812958240509033203e+00
5.798454761505126953e+00
5.772237300872802734e+00
5.770492553710937500e+00
5.671015262603759766e+00
5.751489639282226562e+00
5.668485641479492188e+00
5.624948978424072266e+00
5.691270351409912109e+00
5.594070911407470703e+00
5.576204299926757812e+00
5.565405368804931641e+00
5.556904315948486328e+00
5.562832355499267578e+00
5.504147529602050781e+00
5.654644489288330078e+00
5.510076522827148438e+00
5.553148746490478516e+00
5.470832347869873047e+00
5.459662914276123047e+00
